[0.125822,0.126128,0.0800],
[0.125822,0.126128,0.0600],
[0.125822,0.126128,0.0455],
[0.124792,0.121427,0.0455],
[0.123957,0.116688,0.0455],
[0.123513,0.111898,0.0455],
[0.12392,0.107117,0.0455],
[0.126339,0.103067,0.0455],
[0.130857,0.1016,0.0455],
[0.135663,0.101671,0.0455],
[0.14044,0.102255,0.0455],
[0.144788,0.103927,0.0455],
[0.163745,0.11875,0.0455],
[0.17891,0.130608,0.0455],
[0.186492,0.136537,0.0455],
[0.190284,0.139501,0.0455],
[0.192163,0.142687,0.0455],
[0.189151,0.146441,0.0455],
[0.186138,0.150194,0.0455],
[0.183126,0.153947,0.0455],
[0.180113,0.1577,0.0455],
[0.1771,0.161453,0.0455],
[0.174088,0.165206,0.0455],
[0.174088,0.165206,0.0600],
[0.174088,0.165206,0.0800],
